0.100000 4239831 211974 5548195
0.110000 4400130 342877 5256993
0.120000 4523728 436789 5039483
0.130000 4621363 485791 4892846
0.140000 4711341 539139 4749520
0.150000 4790071 594777 4615152
0.160000 4870080 654054 4475866
0.170000 4943906 716516 4339578
0.180000 5010001 777929 4212070
0.190000 5064658 978610 3956732
0.200000 5106763 1229322 3663915
0.210000 5126475 1464522 3409003
0.220000 5144829 1684453 3170718
0.230000 5155611 1888115 2956274
0.240000 5159904 2079165 2760931
0.250000 5167217 2258030 2574753
0.260000 5172743 2425676 2401581
0.270000 5172765 2587415 2239820
0.280000 5173076 2737178 2089746
0.290000 5173553 2877590 1948857
0.300000 5178102 3003605 1818293
0.310000 5177054 3122167 1700779
0.320000 5177080 3233100 1589820
0.330000 5176005 3334685 1489310
0.340000 5177857 3429850 1392293
0.350000 5177358 3517961 1304681
0.360000 5174808 3602589 1222603
0.370000 5179417 3673631 1146952
0.380000 5177738 3749184 1073078
0.390000 5179921 3812356 1007723
0.400000 5177038 3877269 945693
0.410000 5179344 3934013 886643
0.420000 5179897 3988790 831313
0.430000 5177755 4039485 782760
0.440000 5176598 4087444 735958
0.450000 5176659 4132718 690623
0.460000 5177196 4173622 649182
0.470000 5177372 4211383 611245
0.480000 5181507 4245293 573200
0.490000 5179159 4281301 539540
0.500000 5179097 4313889 507014
0.510000 5178586 4344648 476766
0.520000 5175473 4375504 449023
0.530000 5175413 4402084 422503
0.540000 5178663 4424487 396850
0.550000 5175352 4450559 374089
0.560000 5178609 4470750 350641
0.570000 5180308 4489500 330192
0.580000 5180370 4508755 310875
0.590000 5178033 4528508 293459
0.600000 5175621 4549183 275196
0.610000 5175803 4564586 259611
0.620000 5176830 4578392 244778
0.630000 5179275 4590871 229854
0.640000 5172868 4610781 216351
0.650000 5178066 4618849 203085
0.660000 5176689 4631440 191871
0.670000 5176319 4643393 180288
0.680000 5179174 4651038 169788
0.690000 5176941 4662917 160142
0.700000 5179172 4670179 150649
0.710000 5178087 4680081 141832
0.720000 5177088 4689847 133065
0.730000 5178712 4695658 125630
0.740000 5179076 4702620 118304
0.750000 5180327 4708504 111169
0.760000 5175518 4719183 105299
0.770000 5179870 4721817 98313
0.780000 5180327 4727052 92621
0.790000 5180857 4731184 87959
0.800000 5178861 4739073 82066
0.810000 5176923 4745588 77489
0.820000 5178334 4748426 73240
0.830000 5179244 4751921 68835
0.840000 5178025 4757104 64871
0.850000 5178268 4760631 61101
0.860000 5177832 4764897 57271
0.870000 5177426 4768460 54114
0.880000 5174526 4774528 50946
0.890000 5176653 4775273 48074
0.900000 5176674 4778349 44977
0.910000 5179213 4778016 42771
0.920000 5177611 4782348 40041
0.930000 5179027 4783600 37373
0.940000 5179240 4784963 35797
0.950000 5176805 4789785 33410
0.960000 5180410 4787858 31732
0.970000 5176848 4793403 29749
0.980000 5181422 4790666 27912
0.990000 5174675 4799128 26197
1.000000 5176110 4798975 24915
1.010000 5175981 4800347 23672
1.020000 5176314 4801689 21997
1.030000 5178150 4801155 20695
1.040000 5180192 4800165 19643
1.050000 5178423 4803334 18243
1.060000 5178660 4804111 17229
1.070000 5176783 4807024 16193
1.080000 5177640 4806908 15452
1.090000 5180218 4805395 14387
1.100000 5177465 4808798 13737
1.110000 5179714 4807449 12837
1.120000 5177463 4810569 11968
1.130000 5177432 4811504 11064
1.140000 5176640 4812712 10648
1.150000 5177413 4812520 10067
1.160000 5180427 4810046 9527
1.170000 5177424 4813651 8925
1.180000 5178311 4813253 8436
1.190000 5179591 4812375 8034
1.200000 5176708 4815865 7427
1.210000 5179808 4813109 7083
1.220000 5179358 4813976 6666
1.230000 5176699 4817003 6298
1.240000 5179505 4814626 5869
1.250000 5177228 4817227 5545
1.260000 5176901 4817887 5212
1.270000 5180157 4814920 4923
1.280000 5179672 4815676 4652
1.290000 5178792 4816865 4343
1.300000 5175207 4820572 4221
1.310000 5178113 4818008 3879
1.320000 5179945 4816404 3651
1.330000 5179157 4817438 3405
1.340000 5175194 4821516 3290
1.350000 5176602 4820340 3058
1.360000 5176390 4820722 2888
1.370000 5177631 4819649 2720
1.380000 5177211 4820202 2587
1.390000 5178312 4819305 2383
1.400000 5177685 4819992 2323
1.410000 5180184 4817700 2116
1.420000 5178364 4819645 1991
1.430000 5180875 4817305 1820
1.440000 5177515 4820680 1805
1.450000 5174609 4823728 1663
1.460000 5178221 4820181 1598
1.470000 5179134 4819309 1557
1.480000 5177089 4821511 1400
1.490000 5178525 4820140 1335
1.500000 5176482 4822236 1282
1.510000 5179195 4819590 1215
1.520000 5178831 4820057 1112
1.530000 5178776 4820237 987
1.540000 5178778 4820210 1012
1.550000 5177960 4821126 914
1.560000 5176201 4822907 892
1.570000 5178082 4821119 799
1.580000 5176662 4822614 724
1.590000 5178934 4820372 694
1.600000 5177242 4822063 695
1.610000 5178156 4821221 623
1.620000 5176263 4823142 595
1.630000 5178151 4821248 601
1.640000 5177803 4821662 535
1.650000 5178406 4821080 514
1.660000 5178732 4820792 476
1.670000 5180644 4818940 416
1.680000 5174880 4824685 435
1.690000 5176735 4822906 359
1.700000 5178090 4821539 371
1.710000 5175615 4824053 332
1.720000 5179175 4820506 319
1.730000 5178160 4821526 314
1.740000 5180935 4818777 288
1.750000 5179033 4820692 275
1.760000 5177726 4822030 244
1.770000 5178293 4821465 242
1.780000 5176778 4822991 231
1.790000 5178470 4821321 209
1.800000 5176674 4823125 201
1.810000 5176020 4823782 198
1.820000 5177380 4822446 174
1.830000 5177799 4822014 187
1.840000 5178308 4821511 181
1.850000 5176365 4823471 164
1.860000 5178454 4821391 155
1.870000 5179416 4820454 130
1.880000 5177364 4822509 127
1.890000 5178461 4821426 113
1.900000 5177576 4822325 99
1.910000 5177116 4822788 96
1.920000 5176056 4823856 88
1.930000 5177481 4822436 83
1.940000 5179166 4820729 105
1.950000 5176297 4823615 88
1.960000 5179014 4820904 82
1.970000 5178348 4821593 59
1.980000 5177271 4822653 76
1.990000 5176678 4823266 56
